Observation Number;y1;y2;y3;y4;y5;y6
1;13.04;39;4100;14;25;17
2;14.06;46;5000;15;30;20
3;13.05;42;4500;19;21;18
4;15.00;46;4600;23;16;18
5;14.06;44;5100;17;31;19
6;14.00;44;4900;20;24;19
7;16.04;49;4300;21;17;18
8;14.08;44;4400;16;26;29
9;15.02;46;4100;27;13;27
10;15.05;48;8400;34;42;36
11;15.02;47;5600;26;27;22
12;16.09;50;5100;28;17;23
13;14.08;44;4700;24;20;23
14;16.02;45;5600;26;25;19
15;14.07;43;4000;23;13;17
16;14.07;42;3400;9;22;13
17;16.05;45;5400;18;32;17
18;15.04;45;6900;28;36;24
19;15.01;45;4600;17;29;17
20;14.02;46;4200;14;25;28
21;15.09;46;5200;8;34;16
22;16.00;47;4700;25;14;18
23;17.04;50;8600;37;39;17
24;14.03;43;5500;20;31;19
25;14.08;44;4200;15;24;29
26;14.09;43;4300;9;32;17
27;15.05;45;5200;16;30;20
28;14.05;43;3900;18;18;25
29;14.04;45;6000;17;37;23
30;14.06;44;4700;23;21;27
31;15.03;45;7900;43;23;23
32;14.09;45;3400;17;15;24
33;15.08;47;6000;23;32;21
34;14.04;44;7700;31;39;23
35;14.07;46;3700;11;23;23
36;14.08;43;5200;25;19;22
37;15.04;45;6000;30;25;18
38;16.02;50;8100;32;38;18
39;15.00;45;4900;17;26;24
40;15.01;47;6000;22;33;16
41;16.00;46;4600;20;22;22
42;15.03;48;5500;20;23;23
43;14.05;41;6200;20;36;21
44;14.02;41;4900;26;20;20
45;15.00;45;7200;40;25;25
46;14.02;46;5800;22;31;22
47;14.09;45;8400;61;17;17
48;16.02;48;3100;12;15;18
49;14.05;45;4000;20;18;20
50;16.04;49;6900;35;22;24
51;14.07;44;7800;38;34;16
